{
 "cells": [
  {
   "cell_type": "code",
   "execution_count": 1,
   "metadata": {},
   "outputs": [],
   "source": [
    "from gensim.models import doc2vec\n",
    "import os\n",
    "import sys\n",
    "import logging\n",
    "import gensim\n",
    "import numpy as np\n",
    "import pandas as pd\n",
    "\n",
    "os.chdir(\"../src\")\n",
    "\n",
    "from module import swap, read_docs\n",
    "\n",
    "os.chdir(\"..\")\n",
    "\n",
    "def train(model_type, model_name):\n",
    "    \"\"\"\n",
    "    gensimを使用して単語ベクトルを学習, モデルの保存を行う.\n",
    "    各種学習アルゴリズムは下記関数にて呼び出す.\n",
    "    \n",
    "    doc2vec: d2v\n",
    "\n",
    "    実行例(fasttextを使用)\n",
    "    python nlp_with_gensim.py fasttext\n",
    "    \"\"\"\n",
    "\n",
    "    # corpus_file = \"data.txt\"\n",
    "    iter_count = 1\n",
    "\n",
    "    logging.basicConfig(format='%(asctime)s : %(levelname)s : %(message)s', level=logging.INFO)\n",
    "\n",
    "    if(model_type==\"doc2vec\"):\n",
    "        d2v(model_name, iter_count)\n",
    "    else:\n",
    "        print(\"only doc2vec.\")\n",
    "\n",
    "def d2v(model_name, iter_count):\n",
    "    \"\"\"\n",
    "    doc2vec\n",
    "    \"\"\"\n",
    "\n",
    "    print(\"prepare data.\")\n",
    "    os.chdir(\"data\")\n",
    "    sentences = list(read_docs())\n",
    "\n",
    "    print(\"train model.\")\n",
    "    # workers=1にしなければseed固定は意味がない(ドキュメントより)\n",
    "    model = doc2vec.Doc2Vec(min_count=1, seed=1, workers=1, iter=iter_count)\n",
    "    model.build_vocab(sentences)\n",
    "    model.train(sentences, total_examples=model.corpus_count, epochs=model.iter)\n",
    "\n",
    "    print(\"save model.\")\n",
    "    os.chdir(\"..\")\n",
    "    model.save(\"model/%s\" % model_name)\n",
    "\n",
    "def test(model_type, model_name):\n",
    "    \"\"\"\n",
    "    各種ファイルの類似度を計算\n",
    "    計算結果を出力\n",
    "\n",
    "    保存ファイル例\n",
    "    data/csv/doc2vec_tag_1.csv\n",
    "    \"\"\"\n",
    "\n",
    "    model = load_model(model_type, model_name)\n",
    "\n",
    "\n",
    "def load_model(model_type, model_name):\n",
    "    \"\"\"\n",
    "    モデルの読み込み\n",
    "    \"\"\"\n",
    "\n",
    "    print(\"load model.\")\n",
    "    if(model_type==\"doc2vec\"):\n",
    "        model = doc2vec.Doc2Vec.load(\"model/%s\" % model_name)\n",
    "\n",
    "    return model\n",
    "\n",
    "\n",
    "def save_csv():\n",
    "    \"\"\"\"\"\""
   ]
  },
  {
   "cell_type": "code",
   "execution_count": 2,
   "metadata": {},
   "outputs": [
    {
     "data": {
      "text/plain": [
       "'/mnt/Data/program/project/NLP/NLP_test'"
      ]
     },
     "execution_count": 2,
     "metadata": {},
     "output_type": "execute_result"
    }
   ],
   "source": [
    "os.getcwd()"
   ]
  },
  {
   "cell_type": "code",
   "execution_count": 3,
   "metadata": {
    "collapsed": true
   },
   "outputs": [],
   "source": [
    "def calc_sim_dv(dv1, dv2):\n",
    "    \"\"\"\n",
    "    文章ベクトル間の類似度計算と表示\n",
    "\n",
    "    dv1: 文書タグ\n",
    "    dv2: 文書タグ\n",
    "    \"\"\"\n",
    "    return model.docvecs.similarity(dv1, dv2)"
   ]
  },
  {
   "cell_type": "code",
   "execution_count": 4,
   "metadata": {
    "collapsed": true
   },
   "outputs": [],
   "source": [
    "def calc():\n",
    "    model.docvecs.doctags = os.listdir(\"data/tmp_file\")\n",
    "    sim = []\n",
    "    for i in range(model.docvecs.count):\n",
    "        tmp = []\n",
    "        for j in range(model.docvecs.count):\n",
    "            tmp.append(calc_sim_dv(i, j))\n",
    "        sim.append(tmp)\n",
    "    \n",
    "    sim = np.array(sim)\n",
    "    df = pd.DataFrame(sim)\n",
    "    df.index = model.docvecs.doctags\n",
    "    df.columns = model.docvecs.doctags\n",
    "    \n",
    "    return df"
   ]
  },
  {
   "cell_type": "code",
   "execution_count": 6,
   "metadata": {},
   "outputs": [
    {
     "name": "stdout",
     "output_type": "stream",
     "text": [
      "load model.\n"
     ]
    }
   ],
   "source": [
    "model_name = \"doc2vec_tag_1.model\"\n",
    "model = load_model(\"doc2vec\", model_name)"
   ]
  },
  {
   "cell_type": "code",
   "execution_count": 7,
   "metadata": {},
   "outputs": [
    {
     "data": {
      "text/html": [
       "<div>\n",
       "<style>\n",
       "    .dataframe thead tr:only-child th {\n",
       "        text-align: right;\n",
       "    }\n",
       "\n",
       "    .dataframe thead th {\n",
       "        text-align: left;\n",
       "    }\n",
       "\n",
       "    .dataframe tbody tr th {\n",
       "        vertical-align: top;\n",
       "    }\n",
       "</style>\n",
       "<table border=\"1\" class=\"dataframe\">\n",
       "  <thead>\n",
       "    <tr style=\"text-align: right;\">\n",
       "      <th></th>\n",
       "      <th>m:A_1.txt</th>\n",
       "      <th>m:A_2.txt</th>\n",
       "      <th>m:B_1.txt</th>\n",
       "      <th>m:B_2.txt</th>\n",
       "      <th>m:C_1.txt</th>\n",
       "      <th>m:C_2.txt</th>\n",
       "      <th>t:a_1.txt</th>\n",
       "      <th>t:a_2.txt</th>\n",
       "      <th>t:b_1.txt</th>\n",
       "      <th>t:b_2.txt</th>\n",
       "      <th>t:c_1.txt</th>\n",
       "      <th>t:c_2.txt</th>\n",
       "    </tr>\n",
       "  </thead>\n",
       "  <tbody>\n",
       "    <tr>\n",
       "      <th>m:A_1.txt</th>\n",
       "      <td>1.000000</td>\n",
       "      <td>0.032312</td>\n",
       "      <td>-0.196912</td>\n",
       "      <td>0.067340</td>\n",
       "      <td>0.073744</td>\n",
       "      <td>0.078322</td>\n",
       "      <td>0.223437</td>\n",
       "      <td>0.210962</td>\n",
       "      <td>0.032059</td>\n",
       "      <td>0.094102</td>\n",
       "      <td>0.157412</td>\n",
       "      <td>0.129969</td>\n",
       "    </tr>\n",
       "    <tr>\n",
       "      <th>m:A_2.txt</th>\n",
       "      <td>0.032312</td>\n",
       "      <td>1.000000</td>\n",
       "      <td>0.231307</td>\n",
       "      <td>0.173392</td>\n",
       "      <td>0.341601</td>\n",
       "      <td>0.181009</td>\n",
       "      <td>0.185303</td>\n",
       "      <td>0.236213</td>\n",
       "      <td>0.166949</td>\n",
       "      <td>-0.031256</td>\n",
       "      <td>0.298171</td>\n",
       "      <td>0.132943</td>\n",
       "    </tr>\n",
       "    <tr>\n",
       "      <th>m:B_1.txt</th>\n",
       "      <td>-0.196912</td>\n",
       "      <td>0.231307</td>\n",
       "      <td>1.000000</td>\n",
       "      <td>0.090180</td>\n",
       "      <td>0.245516</td>\n",
       "      <td>0.243318</td>\n",
       "      <td>0.283163</td>\n",
       "      <td>0.076652</td>\n",
       "      <td>0.043457</td>\n",
       "      <td>-0.058766</td>\n",
       "      <td>0.119267</td>\n",
       "      <td>-0.001595</td>\n",
       "    </tr>\n",
       "    <tr>\n",
       "      <th>m:B_2.txt</th>\n",
       "      <td>0.067340</td>\n",
       "      <td>0.173392</td>\n",
       "      <td>0.090180</td>\n",
       "      <td>1.000000</td>\n",
       "      <td>0.123425</td>\n",
       "      <td>0.183956</td>\n",
       "      <td>0.083514</td>\n",
       "      <td>0.098446</td>\n",
       "      <td>0.278242</td>\n",
       "      <td>-0.067396</td>\n",
       "      <td>0.123390</td>\n",
       "      <td>-0.016442</td>\n",
       "    </tr>\n",
       "    <tr>\n",
       "      <th>m:C_1.txt</th>\n",
       "      <td>0.073744</td>\n",
       "      <td>0.341601</td>\n",
       "      <td>0.245516</td>\n",
       "      <td>0.123425</td>\n",
       "      <td>1.000000</td>\n",
       "      <td>0.347821</td>\n",
       "      <td>0.304701</td>\n",
       "      <td>0.114815</td>\n",
       "      <td>0.329342</td>\n",
       "      <td>0.077163</td>\n",
       "      <td>0.357755</td>\n",
       "      <td>0.263068</td>\n",
       "    </tr>\n",
       "    <tr>\n",
       "      <th>m:C_2.txt</th>\n",
       "      <td>0.078322</td>\n",
       "      <td>0.181009</td>\n",
       "      <td>0.243318</td>\n",
       "      <td>0.183956</td>\n",
       "      <td>0.347821</td>\n",
       "      <td>1.000000</td>\n",
       "      <td>0.330910</td>\n",
       "      <td>0.075793</td>\n",
       "      <td>0.179568</td>\n",
       "      <td>-0.118901</td>\n",
       "      <td>0.171477</td>\n",
       "      <td>0.300890</td>\n",
       "    </tr>\n",
       "    <tr>\n",
       "      <th>t:a_1.txt</th>\n",
       "      <td>0.223437</td>\n",
       "      <td>0.185303</td>\n",
       "      <td>0.283163</td>\n",
       "      <td>0.083514</td>\n",
       "      <td>0.304701</td>\n",
       "      <td>0.330910</td>\n",
       "      <td>1.000000</td>\n",
       "      <td>0.003074</td>\n",
       "      <td>0.173740</td>\n",
       "      <td>0.064094</td>\n",
       "      <td>0.126919</td>\n",
       "      <td>0.243154</td>\n",
       "    </tr>\n",
       "    <tr>\n",
       "      <th>t:a_2.txt</th>\n",
       "      <td>0.210962</td>\n",
       "      <td>0.236213</td>\n",
       "      <td>0.076652</td>\n",
       "      <td>0.098446</td>\n",
       "      <td>0.114815</td>\n",
       "      <td>0.075793</td>\n",
       "      <td>0.003074</td>\n",
       "      <td>1.000000</td>\n",
       "      <td>-0.025346</td>\n",
       "      <td>0.036253</td>\n",
       "      <td>0.335857</td>\n",
       "      <td>0.148790</td>\n",
       "    </tr>\n",
       "    <tr>\n",
       "      <th>t:b_1.txt</th>\n",
       "      <td>0.032059</td>\n",
       "      <td>0.166949</td>\n",
       "      <td>0.043457</td>\n",
       "      <td>0.278242</td>\n",
       "      <td>0.329342</td>\n",
       "      <td>0.179568</td>\n",
       "      <td>0.173740</td>\n",
       "      <td>-0.025346</td>\n",
       "      <td>1.000000</td>\n",
       "      <td>0.003635</td>\n",
       "      <td>0.279328</td>\n",
       "      <td>0.026027</td>\n",
       "    </tr>\n",
       "    <tr>\n",
       "      <th>t:b_2.txt</th>\n",
       "      <td>0.094102</td>\n",
       "      <td>-0.031256</td>\n",
       "      <td>-0.058766</td>\n",
       "      <td>-0.067396</td>\n",
       "      <td>0.077163</td>\n",
       "      <td>-0.118901</td>\n",
       "      <td>0.064094</td>\n",
       "      <td>0.036253</td>\n",
       "      <td>0.003635</td>\n",
       "      <td>1.000000</td>\n",
       "      <td>0.043960</td>\n",
       "      <td>0.219531</td>\n",
       "    </tr>\n",
       "    <tr>\n",
       "      <th>t:c_1.txt</th>\n",
       "      <td>0.157412</td>\n",
       "      <td>0.298171</td>\n",
       "      <td>0.119267</td>\n",
       "      <td>0.123390</td>\n",
       "      <td>0.357755</td>\n",
       "      <td>0.171477</td>\n",
       "      <td>0.126919</td>\n",
       "      <td>0.335857</td>\n",
       "      <td>0.279328</td>\n",
       "      <td>0.043960</td>\n",
       "      <td>1.000000</td>\n",
       "      <td>0.060604</td>\n",
       "    </tr>\n",
       "    <tr>\n",
       "      <th>t:c_2.txt</th>\n",
       "      <td>0.129969</td>\n",
       "      <td>0.132943</td>\n",
       "      <td>-0.001595</td>\n",
       "      <td>-0.016442</td>\n",
       "      <td>0.263068</td>\n",
       "      <td>0.300890</td>\n",
       "      <td>0.243154</td>\n",
       "      <td>0.148790</td>\n",
       "      <td>0.026027</td>\n",
       "      <td>0.219531</td>\n",
       "      <td>0.060604</td>\n",
       "      <td>1.000000</td>\n",
       "    </tr>\n",
       "  </tbody>\n",
       "</table>\n",
       "</div>"
      ],
      "text/plain": [
       "           m:A_1.txt  m:A_2.txt  m:B_1.txt  m:B_2.txt  m:C_1.txt  m:C_2.txt  \\\n",
       "m:A_1.txt   1.000000   0.032312  -0.196912   0.067340   0.073744   0.078322   \n",
       "m:A_2.txt   0.032312   1.000000   0.231307   0.173392   0.341601   0.181009   \n",
       "m:B_1.txt  -0.196912   0.231307   1.000000   0.090180   0.245516   0.243318   \n",
       "m:B_2.txt   0.067340   0.173392   0.090180   1.000000   0.123425   0.183956   \n",
       "m:C_1.txt   0.073744   0.341601   0.245516   0.123425   1.000000   0.347821   \n",
       "m:C_2.txt   0.078322   0.181009   0.243318   0.183956   0.347821   1.000000   \n",
       "t:a_1.txt   0.223437   0.185303   0.283163   0.083514   0.304701   0.330910   \n",
       "t:a_2.txt   0.210962   0.236213   0.076652   0.098446   0.114815   0.075793   \n",
       "t:b_1.txt   0.032059   0.166949   0.043457   0.278242   0.329342   0.179568   \n",
       "t:b_2.txt   0.094102  -0.031256  -0.058766  -0.067396   0.077163  -0.118901   \n",
       "t:c_1.txt   0.157412   0.298171   0.119267   0.123390   0.357755   0.171477   \n",
       "t:c_2.txt   0.129969   0.132943  -0.001595  -0.016442   0.263068   0.300890   \n",
       "\n",
       "           t:a_1.txt  t:a_2.txt  t:b_1.txt  t:b_2.txt  t:c_1.txt  t:c_2.txt  \n",
       "m:A_1.txt   0.223437   0.210962   0.032059   0.094102   0.157412   0.129969  \n",
       "m:A_2.txt   0.185303   0.236213   0.166949  -0.031256   0.298171   0.132943  \n",
       "m:B_1.txt   0.283163   0.076652   0.043457  -0.058766   0.119267  -0.001595  \n",
       "m:B_2.txt   0.083514   0.098446   0.278242  -0.067396   0.123390  -0.016442  \n",
       "m:C_1.txt   0.304701   0.114815   0.329342   0.077163   0.357755   0.263068  \n",
       "m:C_2.txt   0.330910   0.075793   0.179568  -0.118901   0.171477   0.300890  \n",
       "t:a_1.txt   1.000000   0.003074   0.173740   0.064094   0.126919   0.243154  \n",
       "t:a_2.txt   0.003074   1.000000  -0.025346   0.036253   0.335857   0.148790  \n",
       "t:b_1.txt   0.173740  -0.025346   1.000000   0.003635   0.279328   0.026027  \n",
       "t:b_2.txt   0.064094   0.036253   0.003635   1.000000   0.043960   0.219531  \n",
       "t:c_1.txt   0.126919   0.335857   0.279328   0.043960   1.000000   0.060604  \n",
       "t:c_2.txt   0.243154   0.148790   0.026027   0.219531   0.060604   1.000000  "
      ]
     },
     "execution_count": 7,
     "metadata": {},
     "output_type": "execute_result"
    }
   ],
   "source": [
    "calc()"
   ]
  },
  {
   "cell_type": "code",
   "execution_count": 8,
   "metadata": {},
   "outputs": [
    {
     "data": {
      "text/plain": [
       "['m:A_1.txt',\n",
       " 'm:A_2.txt',\n",
       " 'm:B_1.txt',\n",
       " 'm:B_2.txt',\n",
       " 'm:C_1.txt',\n",
       " 'm:C_2.txt',\n",
       " 't:a_1.txt',\n",
       " 't:a_2.txt',\n",
       " 't:b_1.txt',\n",
       " 't:b_2.txt',\n",
       " 't:c_1.txt',\n",
       " 't:c_2.txt']"
      ]
     },
     "execution_count": 8,
     "metadata": {},
     "output_type": "execute_result"
    }
   ],
   "source": [
    "model.docvecs.doctags"
   ]
  },
  {
   "cell_type": "code",
   "execution_count": null,
   "metadata": {
    "collapsed": true
   },
   "outputs": [],
   "source": []
  }
 ],
 "metadata": {
  "kernelspec": {
   "display_name": "Python 3",
   "language": "python",
   "name": "python3"
  },
  "language_info": {
   "codemirror_mode": {
    "name": "ipython",
    "version": 3
   },
   "file_extension": ".py",
   "mimetype": "text/x-python",
   "name": "python",
   "nbconvert_exporter": "python",
   "pygments_lexer": "ipython3",
   "version": "3.6.1"
  }
 },
 "nbformat": 4,
 "nbformat_minor": 2
}
